0 31 0 0 0 0 0 0 0 0 0 0 0 0 0 0 0 0 0 0 
31 0 80 0 0 0 0 0 0 0 0 0 0 0 0 0 0 0 0 0 
0 80 0 88 0 0 0 0 0 0 0 0 0 0 0 0 0 0 0 0 
0 0 88 0 23 0 0 0 0 0 0 0 0 0 0 0 0 0 0 0 
0 0 0 23 0 56 0 0 0 0 0 0 0 0 0 0 0 0 0 0 
0 0 0 0 56 0 22 0 0 0 0 0 0 0 0 0 0 0 0 0 
0 0 0 0 0 22 0 40 0 0 0 0 0 0 0 0 0 0 0 0 
0 0 0 0 0 0 40 0 33 0 0 0 0 0 0 0 0 0 0 0 
0 0 0 0 0 0 0 33 0 57 0 0 0 0 0 0 0 0 0 0 
0 0 0 0 0 0 0 0 57 0 58 0 0 0 0 0 0 0 0 0 
0 0 0 0 0 0 0 0 0 58 0 43 0 0 0 0 0 0 0 0 
0 0 0 0 0 0 0 0 0 0 43 0 47 0 0 0 0 0 0 0 
0 0 0 0 0 0 0 0 0 0 0 47 0 70 0 0 0 0 0 0 
0 0 0 0 0 0 0 0 0 0 0 0 70 0 71 0 0 0 0 0 
0 0 0 0 0 0 0 0 0 0 0 0 0 71 0 44 0 0 0 0 
0 0 0 0 0 0 0 0 0 0 0 0 0 0 44 0 71 0 0 0 
0 0 0 0 0 0 0 0 0 0 0 0 0 0 0 71 0 55 0 0 
0 0 0 0 0 0 0 0 0 0 0 0 0 0 0 0 55 0 48 0 
0 0 0 0 0 0 0 0 0 0 0 0 0 0 0 0 0 48 0 22 
0 0 0 0 0 0 0 0 0 0 0 0 0 0 0 0 0 0 22 0 
