COLUMN	VARIABLE
-------------------
1	ParticleXPosition
2	ParticleVelocityMagnitude
-------------------

total particles: 1	 this started at: -1.74000e-01
her number: 1	sorting at axis: X

0.00000e+00	 1.00000e+01	
1.01350e-02	 2.42162e+01	
2.00340e-02	 5.13920e+01	
3.00000e-02	 2.34085e+02	
4.00000e-02	 4.17509e+02	
5.00000e-02	 4.89033e+02	
6.00000e-02	 5.35804e+02	
7.00000e-02	 5.70971e+02	
8.00000e-02	 5.98999e+02	
9.00000e-02	 6.22303e+02	
1.00000e-01	 6.42135e+02	
1.10000e-01	 6.59363e+02	
1.20000e-01	 6.74500e+02	
1.30000e-01	 6.87982e+02	
1.40000e-01	 7.00101e+02	
1.50000e-01	 7.11079e+02	
1.60000e-01	 7.21088e+02	
1.70000e-01	 7.30262e+02	
1.80000e-01	 7.38707e+02	
1.90000e-01	 7.47164e+02	
2.00000e-01	 7.53823e+02	
2.04000e-01	 6.25318e+02	