COLUMN	VARIABLE
-------------------
1	ParticleXPosition
2	ParticleVelocityMagnitude
-------------------

total particles: 2	 this started at: -1.92000e-01
her number: 1	sorting at axis: X

0.00000e+00	 1.00000e+01	
9.97100e-03	 1.00316e+01	
1.99580e-02	 1.54986e+01	
3.00270e-02	 2.73631e+01	
4.00540e-02	 6.28332e+01	
5.00000e-02	 3.00840e+02	
6.00000e-02	 4.34933e+02	
7.00000e-02	 4.99625e+02	
8.00000e-02	 5.43629e+02	
9.00000e-02	 5.77054e+02	
1.00000e-01	 6.04029e+02	
1.10000e-01	 6.26496e+02	
1.20000e-01	 6.45788e+02	
1.30000e-01	 6.62527e+02	
1.40000e-01	 6.77308e+02	
1.50000e-01	 6.90504e+02	
1.60000e-01	 7.02380e+02	
1.70000e-01	 7.13150e+02	
1.80000e-01	 7.22980e+02	
1.90000e-01	 7.32002e+02	
2.00000e-01	 7.40455e+02	
2.10000e-01	 7.48529e+02	
2.20000e-01	 7.55335e+02	
2.22000e-01	 6.25318e+02		

new particle!	 started at: -1.83000e-01
her number: 2	sorting at axis: X

0.00000e+00	 1.00000e+01	
1.01530e-02	 1.49064e+01	
1.99780e-02	 2.55662e+01	
3.00030e-02	 5.64357e+01	
4.00000e-02	 2.71354e+02	
5.00000e-02	 4.26551e+02	
6.00000e-02	 4.94330e+02	
7.00000e-02	 5.39817e+02	
8.00000e-02	 5.74074e+02	
9.00000e-02	 6.01543e+02	
1.00000e-01	 6.24408e+02	
1.10000e-01	 6.43978e+02	
1.20000e-01	 6.60957e+02	
1.30000e-01	 6.75910e+02	
1.40000e-01	 6.89247e+02	
1.50000e-01	 7.01244e+02	
1.60000e-01	 7.12118e+02	
1.70000e-01	 7.22038e+02	
1.80000e-01	 7.31136e+02	
1.90000e-01	 7.39527e+02	
2.00000e-01	 7.47850e+02	
2.10000e-01	 7.54575e+02	
2.13000e-01	 6.25318e+02	